start	end	chrom	seg	num.mark	nhet	cnlr.median	mafR	segclust	cnlr.median.clust	mafR.clust	cf	tcn	lcn	cf.em	tcn.em	lcn.em	purity	ploidy
14813	46476666	1	1	9869	803	-0.249221441062727	0.00340948721387319	4	-0.253576750381003	0.00472543706547601	1	2	1	1	2	1	0.753045325427721	2.62089085518875
46485328	248845612	1	2	21787	1781	-0.308473413486075	-0.000756139027073229	2	-0.303084554654527	-0.00153074677812296	1	2	1	1	2	1	0.753045325427721	2.62089085518875
249106258	249231210	1	3	44	2	-0.2126119613338	0.26762906347682	6	-0.253576750381003	NA	0.753045325427721	2	NA	NA	2	NA	0.753045325427721	2.62089085518875
41509	89087965	2	4	8169	585	0.134815714616042	0.286745243296036	11	0.133565650067621	0.264564766662321	0.685781686697877	3	1	0.695827068539899	3	1	0.753045325427721	2.62089085518875
89091885	96626262	2	5	393	58	0.0204037668147922	0.0687629693156404	9	0.0104004060345509	0.0983952286315766	0.430518480790482	3	1	0.2440488837149	4	1	0.753045325427721	2.62089085518875
96628110	137639967	2	6	3786	320	0.126320562757774	0.263508985827891	11	0.133565650067621	0.264564766662321	0.685781686697877	3	1	0.695827068539899	3	1	0.753045325427721	2.62089085518875
137748484	196799563	2	7	5205	312	0.0625352679682598	0.290957595821252	10	0.0828496600102636	0.262127042426697	0.627164447830441	3	1	0.679898677688413	3	1	0.753045325427721	2.62089085518875
196801419	209212638	2	8	1574	80	0.142464073158038	0.315249374062412	11	0.133565650067621	0.264564766662321	0.685781686697877	3	1	0.695827068539899	3	1	0.753045325427721	2.62089085518875
209214770	216191533	2	9	519	31	0.00701895252018488	0.200326522244523	9	0.0104004060345509	0.0983952286315766	0.430518480790482	3	1	0.2440488837149	4	1	0.753045325427721	2.62089085518875
216191772	243037096	2	10	4122	410	0.150818648626152	0.262338322182825	11	0.133565650067621	0.264564766662321	0.685781686697877	3	1	0.695827068539899	3	1	0.753045325427721	2.62089085518875
361508	194408704	3	11	17646	1150	0.125444257502331	0.249980509619061	11	0.133565650067621	0.264564766662321	0.685781686697877	3	1	0.695827068539899	3	1	0.753045325427721	2.62089085518875
194408864	195779008	3	12	226	45	0.263049657940399	0.0107060604816368	14	0.231350328320977	0.0107060604816368	0.430518480790482	4	2	0.462932618158193	4	2	0.753045325427721	2.62089085518875
195780308	197847604	3	13	396	34	0.216194837674447	0.209355391428101	13	0.231350328320977	0.278871410063531	0.805846395788261	3	1	0.753045325427721	3	1	0.753045325427721	2.62089085518875
53469	4317682	4	14	1023	109	0.230463993717751	0.296448166197034	13	0.231350328320977	0.278871410063531	0.805846395788261	3	1	0.753045325427721	3	1	0.753045325427721	2.62089085518875
4322476	190948370	4	15	11100	920	0.0858198965028886	0.271689912780043	10	0.0828496600102636	0.262127042426697	0.627164447830441	3	1	0.679898677688413	3	1	0.753045325427721	2.62089085518875
140451	180687898	5	16	13956	1149	0.123875547972171	0.273266177916021	11	0.133565650067621	0.264564766662321	0.685781686697877	3	1	0.695827068539899	3	1	0.753045325427721	2.62089085518875
203439	44376388	6	17	6797	829	0.152457232730793	0.271079558394357	11	0.133565650067621	0.264564766662321	0.685781686697877	3	1	0.695827068539899	3	1	0.753045325427721	2.62089085518875
44387109	149720192	6	18	7053	471	0.0873506333269782	0.261389284088759	10	0.0828496600102636	0.262127042426697	0.627164447830441	3	1	0.679898677688413	3	1	0.753045325427721	2.62089085518875
149721726	170949288	6	19	2065	236	0.125144387986264	0.241474824066701	11	0.133565650067621	0.264564766662321	0.685781686697877	3	1	0.695827068539899	3	1	0.753045325427721	2.62089085518875
193245	6864427	7	20	1201	149	0.551840296883178	0.00165217850136847	18	0.546975988948526	0.000939390207746402	0.805846395788261	4	2	0.753045325427721	4	2	0.753045325427721	2.62089085518875
6865838	55221666	7	21	3477	309	0.427545244596691	-0.000408151288247336	16	0.435379252266896	0.00607031655116888	0.685781686697877	4	2	0.662936951463731	4	2	0.753045325427721	2.62089085518875
55221924	76682572	7	22	1420	149	0.537821655007567	0.000552212791991527	18	0.546975988948526	0.000939390207746402	0.805846395788261	4	2	0.753045325427721	4	2	0.753045325427721	2.62089085518875
76713120	97488733	7	23	1614	88	0.395997415430605	-0.00252915181405902	15	0.388146133607141	-0.00492815943832998	0.627164447830441	4	2	0.608413526088685	4	2	0.753045325427721	2.62089085518875
97493814	102715179	7	24	1652	130	0.552363289106292	0.00064057286993367	18	0.546975988948526	0.000939390207746402	0.805846395788261	4	2	0.753045325427721	4	2	0.753045325427721	2.62089085518875
102715738	158937376	7	25	5746	400	0.440634460866335	0.011676316418337	16	0.435379252266896	0.00607031655116888	0.685781686697877	4	2	0.662936951463731	4	2	0.753045325427721	2.62089085518875
116659	49831506	8	26	3986	333	-0.288335527729463	0.00171928986142592	2	-0.303084554654527	-0.00153074677812296	1	2	1	1	2	1	0.753045325427721	2.62089085518875
49831556	141231466	8	27	4981	284	-0.343377364312382	0.014684380586827	1	-0.343377364312382	0.014684380586827	1	2	1	1	2	1	0.753045325427721	2.62089085518875
141231716	146279339	8	28	1339	179	-0.215926223717812	0.00981502865939634	4	-0.253576750381003	0.00472543706547601	1	2	1	1	2	1	0.753045325427721	2.62089085518875
14889	126133732	9	29	8577	720	-0.303963691268268	0.000666178428422928	2	-0.303084554654527	-0.00153074677812296	1	2	1	1	2	1	0.753045325427721	2.62089085518875
126133932	140866072	9	30	4219	356	-0.224862533377746	-0.000788024740567357	4	-0.253576750381003	0.00472543706547601	1	2	1	1	2	1	0.753045325427721	2.62089085518875
140870326	141071720	9	31	71	11	-0.314389009304217	-0.0129427829609426	3	-0.303084554654527	NA	0.753045325427721	2	NA	NA	2	NA	0.753045325427721	2.62089085518875
93257	135473031	10	32	12714	1133	-0.293536510915839	-0.00517358693139364	2	-0.303084554654527	-0.00153074677812296	1	2	1	1	2	1	0.753045325427721	2.62089085518875
87142	61036351	11	33	7492	626	-0.304821104057248	-0.00756836741668184	2	-0.303084554654527	-0.00153074677812296	1	2	1	1	2	1	0.753045325427721	2.62089085518875
61036551	73627750	11	34	4182	243	-0.236764754709695	0.00107638137498476	4	-0.253576750381003	0.00472543706547601	1	2	1	1	2	1	0.753045325427721	2.62089085518875
73630035	134257607	11	35	6190	539	-0.304755631368381	0.00660469399377355	2	-0.303084554654527	-0.00153074677812296	1	2	1	1	2	1	0.753045325427721	2.62089085518875
68393	7293796	12	36	1570	145	0.16764553088	0.323708736306253	12	0.188672984636102	0.263758902308935	0.753045325427721	3	1	0.753045325427721	3	1	0.753045325427721	2.62089085518875
7293983	46758380	12	37	3589	280	0.088357016119775	0.238332286398419	10	0.0828496600102636	0.262127042426697	0.627164447830441	3	1	0.679898677688413	3	1	0.753045325427721	2.62089085518875
46758945	65258553	12	38	4385	307	0.15185431919636	0.26194767554088	11	0.133565650067621	0.264564766662321	0.685781686697877	3	1	0.695827068539899	3	1	0.753045325427721	2.62089085518875
65260537	105600935	12	39	3055	218	0.0913792570566965	0.216715423101907	10	0.0828496600102636	0.262127042426697	0.627164447830441	3	1	0.679898677688413	3	1	0.753045325427721	2.62089085518875
105601061	133779440	12	40	4322	308	0.201470678248861	0.258098464264016	12	0.188672984636102	0.263758902308935	0.753045325427721	3	1	0.753045325427721	3	1	0.753045325427721	2.62089085518875
19042415	115091786	13	41	5639	395	0.114972817625187	0.264730816566305	11	0.133565650067621	0.264564766662321	0.685781686697877	3	1	0.695827068539899	3	1	0.753045325427721	2.62089085518875
19110263	107283270	14	42	9970	945	0.146537739967222	0.257531287211565	11	0.133565650067621	0.264564766662321	0.685781686697877	3	1	0.695827068539899	3	1	0.753045325427721	2.62089085518875
20083824	102516492	15	43	10900	941	-0.28922114654149	-4.52727940683431e-05	2	-0.303084554654527	-0.00153074677812296	1	2	1	1	2	1	0.753045325427721	2.62089085518875
64522	70868119	16	44	10175	729	0.188771164454039	0.241993406685902	12	0.188672984636102	0.263758902308935	0.753045325427721	3	1	0.753045325427721	3	1	0.753045325427721	2.62089085518875
70871601	71392642	16	45	154	74	-0.106032622587871	0.0957634887573845	8	-0.106032622587871	0.0957634887573845	0.31302110186774	3	1	0.362684653605901	3	1	0.753045325427721	2.62089085518875
71406024	90162504	16	46	2386	296	0.176495660455688	0.294973424108623	12	0.188672984636102	0.263758902308935	0.753045325427721	3	1	0.753045325427721	3	1	0.753045325427721	2.62089085518875
6137	38562591	17	47	8478	619	0.502945216652511	0.00280038298065712	17	0.506796685161516	-0.00168920119983601	0.753045325427721	4	2	0.743319026717755	4	2	0.753045325427721	2.62089085518875
38562891	39846270	17	48	500	58	0.365938992349467	-0.00688776010822108	15	0.388146133607141	-0.00492815943832998	0.627164447830441	4	2	0.608413526088685	4	2	0.753045325427721	2.62089085518875
39846424	81188072	17	49	8907	696	0.511478564532376	-0.00563662194810597	17	0.506796685161516	-0.00168920119983601	0.753045325427721	4	2	0.743319026717755	4	2	0.753045325427721	2.62089085518875
47492	78005165	18	50	4843	371	-0.321502191798542	-0.00709377305538215	2	-0.303084554654527	-0.00153074677812296	1	2	1	1	2	1	0.753045325427721	2.62089085518875
110859	59093701	19	51	18592	1845	-0.20074700562465	-0.000676394527143855	7	-0.20074700562465	-0.000676394527143855	1	2	1	1	2	1	0.753045325427721	2.62089085518875
68336	62959363	20	52	7839	695	-0.269817005002785	-0.0152953686174256	5	-0.253576750381003	-0.0152953686174256	1	2	1	1	2	1	0.753045325427721	2.62089085518875
9755905	48084282	21	53	3339	334	-0.275068956783646	0.00660722031807517	4	-0.253576750381003	0.00472543706547601	1	2	1	1	2	1	0.753045325427721	2.62089085518875
16101435	51237462	22	54	6953	663	-0.269707942686531	0.00817554417634124	4	-0.253576750381003	0.00472543706547601	1	2	1	1	2	1	0.753045325427721	2.62089085518875
2700087	154754114	23	55	8834	16	-0.31636506676303	-0.0372661207053427	3	-0.303084554654527	NA	1	1	0	1	1	NA	0.753045325427721	2.62089085518875
