start	end	chrom	seg	num.mark	nhet	cnlr.median	mafR	segclust	cnlr.median.clust	mafR.clust	cf	tcn	lcn	cf.em	tcn.em	lcn.em	purity	ploidy
14907	249231210	1	1	26600	2256	0.00333659095111143	-0.000291038074558196	5	0.00644598284574949	0.00130963334524925	1	2	1	1	2	1	0.485187975922817	1.98162341884891
41509	242842479	2	2	19249	1383	0.0179561298522561	0.00123036461873487	5	0.00644598284574949	0.00130963334524925	1	2	1	1	2	1	0.485187975922817	1.98162341884891
367656	136708404	3	3	11198	732	-0.404859943801818	0.428395256038265	2	-0.406329697178518	0.440338903004267	0.485187975922817	1	0	0.485187975922817	1	0	0.485187975922817	1.98162341884891
136710881	197847428	3	4	3892	298	0.314327505913856	0.163724608022796	6	0.314327505913856	0.163724608022796	0.485187975922817	3	1	0.463880164571503	3	1	0.485187975922817	1.98162341884891
53383	190948320	4	5	9511	701	0.0121848085644984	0.0033374310658202	5	0.00644598284574949	0.00130963334524925	1	2	1	1	2	1	0.485187975922817	1.98162341884891
140636	132161686	5	6	6169	479	0.00777505208785745	0.00713974387629487	5	0.00644598284574949	0.00130963334524925	1	2	1	1	2	1	0.485187975922817	1.98162341884891
132197346	132569272	5	7	66	3	0.54965535024566	0.210210500515202	8	0.578702110705994	NA	0.485187975922817	4	NA	0.239772477666008	6	NA	0.485187975922817	1.98162341884891
132585198	134914126	5	8	187	17	-0.0134955808155317	0.0391351125566763	5	0.00644598284574949	0.00130963334524925	1	2	1	1	2	1	0.485187975922817	1.98162341884891
134914350	180687828	5	9	4917	343	0.57871836323064	0.481785191974978	7	0.578702110705994	0.481785191974978	0.978307638333517	3	1	0.485187975922817	4	1	0.485187975922817	1.98162341884891
106162	170949237	6	10	13181	965	0.0126585628959345	-0.00265104537657862	5	0.00644598284574949	0.00130963334524925	1	2	1	1	2	1	0.485187975922817	1.98162341884891
193290	158937376	7	11	12515	947	0.014487309380941	-0.00902586139107204	5	0.00644598284574949	0.00130963334524925	1	2	1	1	2	1	0.485187975922817	1.98162341884891
163553	146279389	8	12	8352	678	0.000485781495710891	-0.00229018609803403	5	0.00644598284574949	0.00130963334524925	1	2	1	1	2	1	0.485187975922817	1.98162341884891
14812	141071670	9	13	10907	931	-0.00230501260777079	0.000712931282664544	5	0.00644598284574949	0.00130963334524925	1	2	1	1	2	1	0.485187975922817	1.98162341884891
93238	135473181	10	14	10400	819	-0.00323265615064786	-0.00156494495048979	5	0.00644598284574949	0.00130963334524925	1	2	1	1	2	1	0.485187975922817	1.98162341884891
87042	134257607	11	15	15399	1231	0.00877720151572598	0.000731366795188636	5	0.00644598284574949	0.00130963334524925	1	2	1	1	2	1	0.485187975922817	1.98162341884891
86574	133779490	12	16	13995	990	0.0051425482236759	-0.000978082117354665	5	0.00644598284574949	0.00130963334524925	1	2	1	1	2	1	0.485187975922817	1.98162341884891
19042515	115091736	13	17	4421	325	0.0134286012771885	0.00867968626722381	5	0.00644598284574949	0.00130963334524925	1	2	1	1	2	1	0.485187975922817	1.98162341884891
19110251	22321079	14	18	603	84	-0.393524546057924	0.430454295969875	2	-0.406329697178518	0.440338903004267	0.485187975922817	1	0	0.485187975922817	1	0	0.485187975922817	1.98162341884891
22322380	23000158	14	19	160	12	-0.927905735570541	1.54356209610702	1	-0.927905735570541	NA	0.485187975922817	0	0	0.464333776769794	0	0	0.485187975922817	1.98162341884891
23000818	107283274	14	20	7493	600	-0.409585169155418	0.455254907341611	2	-0.406329697178518	0.440338903004267	0.485187975922817	1	0	0.485187975922817	1	0	0.485187975922817	1.98162341884891
20083896	102516492	15	21	8957	706	0.00178284287741172	0.00431532231718215	5	0.00644598284574949	0.00130963334524925	1	2	1	1	2	1	0.485187975922817	1.98162341884891
64522	90162504	16	22	11134	999	0.00700960883531556	0.000391965078407624	5	0.00644598284574949	0.00130963334524925	1	2	1	1	2	1	0.485187975922817	1.98162341884891
6187	7579801	17	23	2299	180	-0.0122892281771351	0.013490824004968	5	0.00644598284574949	0.00130963334524925	1	2	1	1	2	1	0.485187975922817	1.98162341884891
7592012	7733859	17	24	121	11	-0.388479343324383	0.333724094050017	3	-0.406329697178518	NA	0.485187975922817	1	0	0.485187975922817	1	0	0.485187975922817	1.98162341884891
7734131	81188022	17	25	13057	915	0.00330692096872176	0.000970825953244329	5	0.00644598284574949	0.00130963334524925	1	2	1	1	2	1	0.485187975922817	1.98162341884891
47492	78005215	18	26	3823	290	0.0236741415565945	-0.00149996974935812	5	0.00644598284574949	0.00130963334524925	1	2	1	1	2	1	0.485187975922817	1.98162341884891
110708	59093651	19	27	16907	1743	0.00565024660134745	0.00422697848588249	5	0.00644598284574949	0.00130963334524925	1	2	1	1	2	1	0.485187975922817	1.98162341884891
68363	62959404	20	28	6764	572	0.00464319255098359	0.00378935351373343	5	0.00644598284574949	0.00130963334524925	1	2	1	1	2	1	0.485187975922817	1.98162341884891
9907114	48084329	21	29	2759	324	0.0109551509771107	0.034333565174568	5	0.00644598284574949	0.00130963334524925	1	2	1	1	2	1	0.485187975922817	1.98162341884891
16157871	51237496	22	30	6084	494	-0.00335580489241549	-0.00121595750778715	5	0.00644598284574949	0.00130963334524925	1	2	1	1	2	1	0.485187975922817	1.98162341884891
2700087	154736636	23	31	5659	10	-0.0392934181083427	0.0542652647867194	4	-0.0392934181083427	NA	1	1	0	1	1	NA	0.485187975922817	1.98162341884891
