start	end	chrom	seg	num.mark	nhet	cnlr.median	mafR	segclust	cnlr.median.clust	mafR.clust	cf	tcn	lcn	cf.em	tcn.em	lcn.em	purity	ploidy
14907	809043	1	1	11	2	-0.151333487671447	-0.0277481880492492	3	-0.115231965336961	NA	0.758541327034849	2	NA	NA	2	NA	0.758541327034849	1.99140024664254
809453	53516383	1	2	9647	746	0.0591193809006829	0.0019846841516161	6	0.0507274234300562	0.00523007230256214	1	2	1	1	2	1	0.758541327034849	1.99140024664254
53527996	153610797	1	3	6793	574	-0.0160404328099462	0.000635282136674703	4	0.00471323403845532	-0.00049281385168076	1	2	1	1	2	1	0.758541327034849	1.99140024664254
153610997	156352095	1	4	1255	33	0.096197684338192	0.0511499914389764	7	0.102026444621444	-0.000755818299624	1	2	1	1	2	1	0.758541327034849	1.99140024664254
156352558	249231260	1	5	9908	886	-0.0136900853810483	-0.00168883543302754	4	0.00471323403845532	-0.00049281385168076	1	2	1	1	2	1	0.758541327034849	1.99140024664254
41477	242842421	2	6	20070	1418	0.00455703837711027	0.00248657576975131	4	0.00471323403845532	-0.00049281385168076	1	2	1	1	2	1	0.758541327034849	1.99140024664254
367645	197847604	3	7	15682	942	0.0120284533858655	-2.05152089649703e-06	4	0.00471323403845532	-0.00049281385168076	1	2	1	1	2	1	0.758541327034849	1.99140024664254
53428	190948320	4	8	9982	756	0.00318458012423285	-0.00405703995680252	4	0.00471323403845532	-0.00049281385168076	1	2	1	1	2	1	0.758541327034849	1.99140024664254
140474	180687828	5	9	11757	826	0.0103244614087309	-0.0104628877059043	4	0.00471323403845532	-0.00049281385168076	1	2	1	1	2	1	0.758541327034849	1.99140024664254
106212	170949288	6	10	13666	1275	0.0177661714994353	0.00743385688213661	4	0.00471323403845532	-0.00049281385168076	1	2	1	1	2	1	0.758541327034849	1.99140024664254
193222	7559719	7	11	1099	119	0.0955362313340784	0.0154282724333118	7	0.102026444621444	-0.000755818299624	1	2	1	1	2	1	0.758541327034849	1.99140024664254
7561480	55800074	7	12	2997	312	-0.0239336222297302	0.0189344219577433	4	0.00471323403845532	-0.00049281385168076	1	2	1	1	2	1	0.758541327034849	1.99140024664254
55872955	63808621	7	13	162	22	0.054179438086075	0.0207380632985014	6	0.0507274234300562	0.00523007230256214	1	2	1	1	2	1	0.758541327034849	1.99140024664254
63808867	76634033	7	14	980	87	0.132870034021486	0.00860007429002607	8	0.146817508393309	0.000979028315308953	0.100716093683412	3	1	1	2	1	0.758541327034849	1.99140024664254
76634284	97846742	7	15	1351	81	-0.0314677777311952	-0.0389623856990073	4	0.00471323403845532	-0.00049281385168076	1	2	1	1	2	1	0.758541327034849	1.99140024664254
97847065	102100259	7	16	1384	132	0.108521282516157	0.0216120829975446	7	0.102026444621444	-0.000755818299624	1	2	1	1	2	1	0.758541327034849	1.99140024664254
102105271	158937426	7	17	5036	359	-0.00742978578647292	-0.0188912543381141	4	0.00471323403845532	-0.00049281385168076	1	2	1	1	2	1	0.758541327034849	1.99140024664254
116680	146279389	8	18	8681	719	0.00644765537874997	-0.00176809969870217	4	0.00471323403845532	-0.00049281385168076	1	2	1	1	2	1	0.758541327034849	1.99140024664254
14764	127619945	9	19	7535	618	0.000335226145486756	-0.00119381073914348	4	0.00471323403845532	-0.00049281385168076	1	2	1	1	2	1	0.758541327034849	1.99140024664254
127620141	140777370	9	20	3668	268	0.0902398749280258	0.0154472200162085	7	0.102026444621444	-0.000755818299624	1	2	1	1	2	1	0.758541327034849	1.99140024664254
140786516	141071620	9	21	80	8	0.00157442384593438	-0.0535182048880791	5	0.00471323403845532	NA	0.758541327034849	2	NA	NA	2	NA	0.758541327034849	1.99140024664254
93218	135473031	10	22	10849	854	0.0145265404225638	0.003080428530105	4	0.00471323403845532	-0.00049281385168076	1	2	1	1	2	1	0.758541327034849	1.99140024664254
193112	62299047	11	23	7060	587	0.000170304534256815	0.00358760804338653	4	0.00471323403845532	-0.00049281385168076	1	2	1	1	2	1	0.758541327034849	1.99140024664254
62299253	68668104	11	24	2662	153	0.0951173666741085	-0.00688770178633337	7	0.102026444621444	-0.000755818299624	1	2	1	1	2	1	0.758541327034849	1.99140024664254
68671194	105967547	11	25	2914	227	-0.00765720182793524	0.0129634963212404	4	0.00471323403845532	-0.00049281385168076	1	2	1	1	2	1	0.758541327034849	1.99140024664254
105967651	126873778	11	26	2699	225	-0.691518775625531	2.24232214159043	1	-0.683460369060751	2.02888967060549	0.758541327034849	1	0	0.758541327034849	1	0	0.758541327034849	1.99140024664254
128332352	128712244	11	27	33	1	0.123161086528884	-0.11980861182596	9	0.146817508393309	NA	0.758541327034849	2	NA	NA	2	NA	0.758541327034849	1.99140024664254
128772560	130750642	11	28	247	30	-0.680056240869027	2.13706656216261	1	-0.683460369060751	2.02888967060549	0.758541327034849	1	0	0.758541327034849	1	0	0.758541327034849	1.99140024664254
130773076	134257607	11	29	224	28	-0.0260661557471662	-0.0071326880217177	4	0.00471323403845532	-0.00049281385168076	1	2	1	1	2	1	0.758541327034849	1.99140024664254
86624	109017674	12	30	10982	844	0.0106928443910052	-0.00688950649304731	4	0.00471323403845532	-0.00049281385168076	1	2	1	1	2	1	0.758541327034849	1.99140024664254
109017898	133779490	12	31	3489	259	0.0965221793443975	-0.0127053447872528	7	0.102026444621444	-0.000755818299624	1	2	1	1	2	1	0.758541327034849	1.99140024664254
19042463	115091686	13	32	4626	340	0.00526225040860588	-0.00936516430756516	4	0.00471323403845532	-0.00049281385168076	1	2	1	1	2	1	0.758541327034849	1.99140024664254
19110251	20697600	14	33	117	34	-0.12029107284668	-0.0194330790251518	2	-0.115231965336961	-0.00365306319998889	0.100716093683412	0	0	1	2	1	0.758541327034849	1.99140024664254
20697876	106054804	14	34	8202	602	0.0272846638993302	0.00894070676754278	6	0.0507274234300562	0.00523007230256214	1	2	1	1	2	1	0.758541327034849	1.99140024664254
106066368	107283241	14	35	243	68	-0.101898420727138	-0.00320327002429603	2	-0.115231965336961	-0.00365306319998889	0.100716093683412	0	0	1	2	1	0.758541327034849	1.99140024664254
20083896	102516492	15	36	9302	673	0.0144601363399479	0.00404536754077771	4	0.00471323403845532	-0.00049281385168076	1	2	1	1	2	1	0.758541327034849	1.99140024664254
66904	90162604	16	37	11382	994	0.0714759865127574	0.00929198362128083	6	0.0507274234300562	0.00523007230256214	1	2	1	1	2	1	0.758541327034849	1.99140024664254
6159	8216468	17	38	2832	248	0.0976586659330998	-0.0103577072555939	7	0.102026444621444	-0.000755818299624	1	2	1	1	2	1	0.758541327034849	1.99140024664254
8216855	72926605	17	39	10512	730	0.0462878777323427	0.0085674990611094	6	0.0507274234300562	0.00523007230256214	1	2	1	1	2	1	0.758541327034849	1.99140024664254
72926978	81052303	17	40	2546	287	0.107691592985114	-0.00744017554951827	7	0.102026444621444	-0.000755818299624	1	2	1	1	2	1	0.758541327034849	1.99140024664254
47424	78005265	18	41	3994	320	-0.000271828754930101	-0.0080202714304248	4	0.00471323403845532	-0.00049281385168076	1	2	1	1	2	1	0.758541327034849	1.99140024664254
110712	8971849	19	42	3202	410	0.153712736296979	-0.00174104546419504	8	0.146817508393309	0.000979028315308953	0.100716093683412	3	1	1	2	1	0.758541327034849	1.99140024664254
8973595	9090467	19	43	242	60	-0.134121356833481	0.00884432677811072	2	-0.115231965336961	-0.00365306319998889	0.100716093683412	0	0	1	2	1	0.758541327034849	1.99140024664254
9090784	10251817	19	44	324	31	0.133528158559656	0.014422687755443	8	0.146817508393309	0.000979028315308953	0.100716093683412	3	1	1	2	1	0.758541327034849	1.99140024664254
10252639	13084400	19	45	1212	68	0.210491785415325	0.0122192221905261	10	0.210491785415325	0.0122192221905261	0.180468928033841	3	1	0.152071745071265	4	2	0.758541327034849	1.99140024664254
13084550	59093651	19	46	12108	1220	0.109421889305283	-0.00347670944802544	7	0.102026444621444	-0.000755818299624	1	2	1	1	2	1	0.758541327034849	1.99140024664254
68379	62959354	20	47	6989	594	0.0302621136093795	0.000899966496042976	6	0.0507274234300562	0.00523007230256214	1	2	1	1	2	1	0.758541327034849	1.99140024664254
9907114	48084322	21	48	2855	340	0.0359076348377493	-0.00217067991394704	6	0.0507274234300562	0.00523007230256214	1	2	1	1	2	1	0.758541327034849	1.99140024664254
16157871	51237467	22	49	6287	596	0.062628802962406	0.00353729665243462	6	0.0507274234300562	0.00523007230256214	1	2	1	1	2	1	0.758541327034849	1.99140024664254
2700202	154774856	23	50	9812	395	-0.682286937417464	1.90846327394433	1	-0.683460369060751	2.02888967060549	0.758541327034849	1	0	0.758541327034849	1	0	0.758541327034849	1.99140024664254
